314 8111111119, Die 1111111111 111111111191111191111119,

81111111111 1111111111 1111111111, 1111111111 11111111111113111 der
811111111 111 1111111111 111111 1111111111 11111 11111111.

ξ. 28. 11111111 1111111111 1111111 1111 1111111111111 1113·
11111111 mit 1111111111 111 111 11111111111111 11111 111111111111
1111111111. 111 1111 111111 111 (11111111 1118111111 1111111111,
11111 welche 111 1111111111 (1111111 1111111 (11111111111111111111

, 11111111 1111111111111

129. 1111 1111111111 11111111 1131111181111111111111

’ 11111 11111 111111111113111111111 111111; 111111111111111111111111

111 11111111111111111111111 gegen die 81111111111111111311111
111111111111 1111111 1111111111 1111111111, 11111 1111111111-
11111 11111111111-11111111111 11111 111111111111111111111, 111111 1111
Genehmigung 111 1111111 111111111 811111111111111111 in ihrer (11111-
11111 1111111111, 1111111111 1111 41111111111111111 11111111311111-
111, 11111 11111 1111111111111(111111111111111111111111 1111.

g. 30. Die 8111111111 111111111111111111111111111111 1111111
, 1. angeregten 111111, 11111 111 1111111111111111111111111111111
811111 kann 11111 11111 8111111 111111118111111111111 111011111111-
1111 11111 1111111 111 1111111, 1111, 111111111111113111111111111111.

31111111 111 111111111111 11111111111113111111111 311111111
1111111,1111111111111111111 111111111 kann, 1111 111 111 111
11111111 1111111111111111131111111 11 1111111111111 111 1111111
’ 11111111111111111111111 [1111111111 11111111 1111111118 111.

5. 31. Der 111111 1111111111 1111111111 1111111111 ausser
111 8111111111111111111111, 111 gegen die 111111111111111111111-
31111111 1111111 111111111111 11 1111111111 111 im Falle eines
grosseren Vergehens strengor gegen 111111111 1111131111 111811111-
1111 1111 111 11111111 111 8111111111 111 1118111111 11111111 111111
11111111 111111. ·

Thea V. Von 1111 1111111111 111 11111111.

§- 32. 1111111111 11111111 31111111111111118111111111-
111111 11 11111111, 1111111111111111111111111111, 111111111111111
11111181111111111111111 11 11111111, 1111 1111 1111111111 111111-
1111111111111 1111111111111, 11111 111111111111 111 1111111111 111
111111111111 31111111 11111111111111, 111 1111111110111111111-
1111111 1111111 1111 1111111111111111111111, 1111 111 11111111
111 11111111113111811111 81131 111 111111 111 11111 darauf 111-
11111111111111, 1111 11 ihm 11111 111111 Bodingung 1111111111,
1118111111111111181111111 11 1111111 immor, 111 11 11111111,
1111111111, 1111111111 11111111111111 1111111111111 111111111111.

 

