v 456 11111111, Die 1111111111 (111 1111111111 111 Unqam.

· 11111111 1111111 111 11111 11111111 Basia 111111. 11111111323 111.

1111111111111110111111 11111 11111111 11 111Η111111ς,1111 der·
111111111111111111111111111111 31111111 im 1111111 111 Ρ1111ιι
1111111111 111111 111111 im J. 11151111 [1111111111 dem Agramer
(1111111, 1331 dem 11111110111111 111, 11111 1111111 zu 11111111).

Die 1111 11111111 (111111111111 111011111111111111111111 dem
11111 1308 1111111111111311111111111111 111111111111111 Daton
11111, (1111 111 1111111111 11111 ιι 11111111111111111111111 Ge-
1111111111. 1

81111111 111111 1111 11111111111111111111111111011111· 1
111111111111111111111111111111111111111 1111111111111111111111,11
1111111111 1111111 1111111111, dees 1111111 111 111111111111111
111 1111111 1111111111 11111 ¹).

111111 111 111111111111111 11111111 1111111111 111 01111
31111111 11111 1111 1111111111111111 111111111 1111111.

1111111111111111 geeehen, 111111111111111111 111 1111- 1
1111111 1111 13011 111111111(1111111111111111111111111, 111111111· ’
net: »11111111111111111111111 111111111111. . . . (1111111111111
recipere, vel jem 1111111 tenere 111 quevis 111111 praesumet 111

11111 111111 fehlt: Die 111111111111111 11111111111111111-
111111 111111111111111111111 11111111.

Des 11111 111111111111111111 dieser 111111 1111111 jener ge·
111111111111111111,1111111 11111111111111111, 111 11111 011-
1111111111 11111111 11111111 111111111111111 11111111 1111111 111
dees ee 111111111111111111111 1111111111 1111111, 11 wieder in
11111111111111 1111111111111 1111111 11111111111111111.

1111 11111111111111111111111 1111111 111111111111111 be· 1
11111111111111 ersten 11111111 11 111 1111111111.

Die 11111111110111111 everen 11111111, 1111111111111111· 1
1111111111 ee 1111111 111111111111111110111111111111111111- 1
1111111111 1111111111111 1111111111111111111 1111111.

[111111111111111111111111111 3111111111111111111111311111.1

Unel 11 1111111111111111111111111111111111 Η1111111,1111 1
111111111611111 1363 11111 111111 1111111111111 11111111, 111111111 ’
Kenige 111 1111 111 11111111111110111111111111111111111, 11111111
zum Β111111111 111111111111111).

l) 01111111, 1111111111111. 225. 1111111111.111.11111. 14.

1) Seven-enm. 11111ιί11111 311. 11111111111111111111111111111111, 111
mr 11 111111111 111111111111 1111 (11111111 11111

3) 11111111, 81111 01111. 144. 8111111111, 11111111. 1. 1.

4) 1111111,1111111.1111111111.11111. 18. 8111111111, 11111111. 11114.
11111111 11111111 11 111111 11111111111111111 p. 119 eine 11111111111 1111111.

 

