380 8111000001, 11100101100000001010000 000000 (1010111010 inmanem

10100111001011000 vom 19. April 1886 00010 0011101 100
1101111010 1010001010οοοι 10100001110000010110 110 010 0000010011·
10000 1101101100101101, 1000 110 100000 10000000 010110000001001
0001000 nur 010 100100 010010100101100 singulares im 0001101101οο
Sinna, 100 110 1101010 0111100001100100 000110101, 10 Βο100011, 010
1000οἰ000 01011 0110 10 11000010 100110 ejusdem generis oder 1011-
000010 0011100 ejusdem 10011, 0001000 10 0001 1111100 1000οἰ000 je
0001 10 eodem facto. 110100 dem Η1000100100 100 00110000 Um-
0100100, 1000 100 110100 01000 100 010010000110011110100 um der
Schonung seinos 11000000 001 10011001000100100 01100101010·

“ 00100 10 100 0011110100 8100100010 0100011011 0001010100 001 100

110100 01000 100 beiden 11011000101001010010000001000000
0100, 0000 00 0001 00000000 0100, 00010000 11000100000000-
0010000000 010 000000111100110100 1000100 001 001011 110 1000000
1001001110100 101000 1100100, 000 00 01000 10110000 101110 0011-
0100110101000001011100 Kind zu 100 1111000 000001 101, 10001 110
1101000100110000000 mit der 10000001001110100 000 1000 110011110100
(10000ιί0010 000 811010 01000 001100 100010001000100010100010010
100000 11000, 00000 man auch von 100 1010010001ωο 0100101οο10 000-
bationis 0100100 1010010 001 001110.

Es 110110 1001 0001 01011 00000100000 0010, 1000 man 100100
de auditu 110 0100010010 Ζο00000 00111010, 010 1100 vom 1101000011100-
00101101100100-10010100 0000010100, ganz abgesehen 10000, 1000
1001010010010 110100 100 0101000011οο 111101000 mit Pfarrer W.
wegen 01000 810011101011001 0000000100] 110000 10110 und 01011 000
10100000 100 101001000100100 10100 1000100 0000110, 0001000 0011
0101 heim 0011110100 (10010110, 00 man 00 00111000 1110 1001 01011
00101011 00 0010000 000010, wie 1010110011110100(1000100101), 01-
00101010110000010011000. 1101001000101010 110 ganzo Anzeige
00000 Ρ100000111. 01011010101 0010, 11110 00 0101 01011 10001 Pro-
00000 00000 1001010110010111101008001000011 010100 001000 Ρ1000-
110100 0001010101, 00 1000 man sich auf 0110 00101010 110100 001000
00 0011011000 000110.

(10000 11000 0100110111010 1010011000 100100010111000000
000 8011010οΜ01000011100000101100, welches 0100 0011000 110100· 3

suchung das 11011011 100 000100 100100001010011001111010, 1110101000
3010100100 010110 0010000 11010, 010 00110 101110, 110 010011101010-
01000 00 0000111000. 11 010110101001011 00 100 0100110100 Nuntius

1) Wio 0001100101 110 11010οἰ10 00100100 100001001οο1001001100001000·
men, 101 10100001; 00 10000011 eben 101110000100100010110011101001011, 1000
100 1101110110 ein 10100100 1111 010110 0010000 001 010 0100110000 1101111100.

 

