170000. (100. 14. 07000· 1817 .· Vertr. 0010. 170000000οΜιο 17

11001000000000000 0100 100110010001111000001001000 1001101
00 11001000100100100 10000100 0000000101 werden, 0100

e. 010 0010110100 7000001000 auf 110 1110110100 1010000100
saera, 10001000 0010100 01011 000 11100000 000 Ρο001010001·
101100 11001, 000010100 soll,

2) 0000 010 1100000 0100 0100 1010010010 Reparatur 00 kirch-
11010010100100, deren [10100ὴο11000 dem 00110100 11100100- 0100
11110000000000000 0100 100 Ρ100000000000 0111001, 0000010101οο0-
100 001. ’

Die 101001011000 100 10010000100000 010101000100010000000

1100010000 00111000 1100101101000011000101001 00011000 00000100
1000001101οο 1101100100 100 101101110100 (10001010 (10100001011000
1000000000 00011000 1100100011 gegeben 000100 101.

101. 33. 1000001100100 101 100 Pferrgeueesen 100 1001100010
101101010οθ der Pferrgemeinde 0100 110 00001100 1000100 (Bewil-
ligungen 00 001000 Ρ10000000010100, 110100011100001011011001-11001-
10100 7000100 001 1001011οο 010.) 00100110οο0 (100 011000001οο0 00-
0010110100 Βο011000000000 (001. 101. 13. 10010010000110010100100001000
vom 27. December 1871).

101 31. Η1001011101 100 300111001011000000 7701100000 100
Ρ10000000010100 001 1100110100 8111100000 110111 00101100 1001100-
0000000 des (10001000 vom 16. August 18751100110 Βο0101100101-
1000 001 30001010110000 100 7701100000 100 (1000010100, 8111100000
001 000011000 0100110100 110000001οί1οο (100-31011 S. 511).

101. 30. 110 000 dem 1100100010000010010010 10010000 0101
000 dem 110010001111000000110000011, 001 101 001000 000 dem
Deeen 0001 00000001οο0 10010100 durch einen 0000011100 1000100000-
000010011000 0100010000.

Die 000 dem Deeen 00001100 001 0100100100 Kirehenpflege· ¹
reehnungen sind 000 1000001100 dem 01000001 000 11001011 001
11011000 0001 100 10 101. 20. 110. 4. 000011010011101100000 mit·
001101100. “

77000 100 01000001 hiebei 10 100 01000 eder andern 1001010000
01000 100100110101, 100 durch eine 70010011000 00111000 110000
01011 0010100 0001001000, 00 10100110 1110010010010000100000
0000010000, 001010 001000 0001 0001000000] 10001000 00111000
1100101101οο 0011000101 00100101101.

Die 01001101 0010110100 11001000100000010000101011000101000
000100 000010011000100 10101 000 01000 770010 000 11001011001000
100 Ρ100000000000 0010010000.

101. 36. Bei 10010001110110000 0101100 dem visitator 00,
uehivmrxeeemeemx. 2

 

