438 nam. 11 flammam 11111111 vnvm.

111111 1111111111 11111111 1 majoribus 1111111 111111111111
1111111111 11111111 1111111111 11 11 111111111111111111 11111-
113111118131111111111111111111111 111, 11 1111111 Deo 1111111 1111-

1111111111 111 11 11111111111111, 1111111 11111111 1113111 ,

111 111111 1111111111 (1111111111 1111 111111 11111111 1111111111

11 1111111111 11111 1111111111111111 11111 “

11111111 111111 1111111111 111 111 111111 111 1111111111 111 11111
111 1111131111 11111111 111111. ·
. 1111111111111111111111111111111 11, 1111111111 11111111 11

111111 111111111111111111111 1111111111111 gemacht 1111111.
’11 111 (1111111111 111 8111111111 111 1111, 111111811111111-
111111 1111111111ρο1, 111 11111111111111111111111111111 noeug
111 111 1111111111 11111111 1111111111 11111. 11 111 1111111111 1111
111111 11111111 11111 1111111111 11111111111111111111111,
111 11111111 1111 11111111 1111111111 1111111111111 1111 1111111111
111111111111111111 Β111111111111 11111 111111111111111111111111
1113111111 11111111111111 11111 11111.

111 11111 111111 1111 privilegium 11111111111111 111111·
111111 111 1111111111 »1)1111111111. . .111111111111. .. 111111-
111111 . . . 111111 Regis oonsilio . . . 1111 1111111 ,

111111 111111 111 11131111111111111111111111111111111111 ι

111ῃί1111 8111111, 11111 mehr, 111 1118111111 111 1111111111 nogat
111111111111. , .
Die 111 111 11111 1111111111 111111811111111111111111 111

11131111111111111111111111111 11 dem Privilegium 111111111πί11
111011111111 . . . juro . . . 1111111111 . . . quem 111111 d 11-

putus 11111111, 1111111111 11111 11111 111 Stephon 11. im 11111 1124 Ἰ

1111111111 1111111111 111 111 Stephanus 111. 1111111 1111111111 11
11111111111111111 ’1111111111 11 spalatinis civibus 1111111-

111 . . . 111111111111111111,1 111111Ρ111111ςί111 81111111 11111 .
wir: »1111111111111...1111111111...11111 11111111

populus 1111111, 1111111111( ,
1111111111 1111 111 111111 11111111111111811111111 Pri-

vilegium 111 1111111111 11111111 11111 1111111, 1111111Β11111111 ’

111 1111111111 11111111 11111111 111 111111111111111111111111111311

11111111 11111. 1111111 11111111 1111111111111 1111111111111111 ’
11111111 1111111111 1111111111 1111 11111111, 111 11111111 1111 ·

111111111111181111111111111111 1111111, 111 privilegium 111111111.

1) 8111111111. 11111. p. 8. Mnyi, 111. W. 11 1. 1111111,1ί1.11.42. ³

voram, 1 1. 1. 111. ·— 2) Snvorlnyi und bdnyl, Ι. 1.

 

