3333 333 vom 3. 3133 3333 nebat 333333 von 3333, 3333, 1333. 33 ’ ,--·

313313313111131311333311311333 33131313, welche 113 13333111333333
133 3313313333 von 133111111331311 13 113 (133313133331331333 3331
3131331311. 3

Art. 31. 13313113 331331333133133 13133133133 331331331,
1333133133133331313311133 1333131113133131333 113 113 113333
133 Disciplinarum 333331333 vom 313313 331 (1313113 3333331333.
1311133113113133 131 3333333133, 33333 313 131333 33 3131331311
11313 1333331333 33333 31333 1313331333 3133 33333 31333 331-
31333133 113133133133333313111.

⁴ 1113 1133333 33333 3133 33131311331133331311313333133113·
13313 11131333. ·

Art. 32. 1113113 113333 133 3333333133 131 dem 131333 333
1131311333 313 1131111311 331333 131133 3333333333 (13131133 1113313 33
3333133311 33133 133111333331331131333 331113 33313133133133
[1133313133 33 1313131311· 3333 3131.

11313131 3331133113 3133 831311133311133333, 33 3311131 ihm 133
1133313133 31311 33313331113311333131313333333.

Ari. 33. 1313 1311333333 vom 331311133313Ι 1311333 Minister ·

113 Cultus und Unierricht 3333331333, 1331111333311313313333131·
ratio 31133 133 113131333113 33313313333 133133 3331131131 333133.

11131 11⁷.

1133 133 1733313333 133 131333333313 13 133 1131331331, 133 Be·
3333333 ihrer 113133331333 331 133 7333333333 133 zaim-witi
333 31311-1131333.

Art, 34. 1113 1313333 (13133313) 1333 33133133 3313133333 An-
333133 3133 333 1311333333 13 133 1131331331 33333131 333133, 3333
13333113 3331 1313113333111333113131333 33333 3333313133 131333-
311333, 333333 33133333 1333331313 3133 31311333 (1313331333 3133
333333 anderen 3313111333 (1313133 333 33113333 1131111333 133 ihm 31-
13333133 Ρ11131133 3313331131 333313131.

113313 13131133 33313133133133 40 Dienstjahren kann die Ver-
3313333 13 133 3131331331 313333131333, 3313133 um 3313133 3333311,
31311 3333331 werden.

Art. 35. 1131311133 0133313331333333 3133 13333131133
1113331333331333333 1333133133 1333333133 331 31333 1313333333.

133 1333131131333 31333 013313133313 3133 31333 13133313 331
31333 3131113131113 333331311133 13313333 131331331331133313313333
133 33131333131331133.

Die ohne 11333 13331313333 31333333333311333131131333 3131
als 1331311133 11333133331333333 3333331333.

 

