61111. 11111111 2. 111118731111111111111 11111871, 1879, 1881. 75

11111 der 1111111111 (11111 1111 111111111111111111111111111111111
1111111111 11111111 11111.

1111111111 und 1111111111 11111111 111 1111111111111, 111
11111 111111 10 111111111111 111111111 111111,111111111 111 1111111111
11, Thou, uud 11111111 11111111 1111111 1111, 1111111111111 (11111111
111 11ιί11111 (111111 nach Art. 39. zu 111111111111.

1111. 42. [1111111111 11111 11111111, 111 101111111111111111·

111111 zurfickgelegt 111, 11111111 1111 1111111111 Ρ111111, welche 1111·

11, 111 1111111 vom 111111111111111111111111111111111111, 111111111
solabor 111 8111111111 dos Ruhogenusses eingorochnet werden 1111111,
ιιι 1111111111 ist. Wurde 11111111 11111 111111111111111111311111
1111111111 31111111111111 111 11 1113111111111111111111111111 111
31111111 111111 1111111ὴοὶ1113 1111111, 11 1111 111 1111111 111111 1111111111
auf Versorgung.

Im 11111111111111111111111111111111 kann 111111111111111 111
11111 111111113111111111111111 111 Ρ111111 1111111111, 111111111
11111111ιί111 1111111 ihrer Versorgung 111 Absortigung 1111111111

11111. 11111 11111111111111111311 wittwe 1111111111 jedes nach
1111 1111111111 Manno 111111111111111 11111 11111 Erziehungsbei·
trag 11111111111111111111111, 1111111111111111111111 11111111 11111
Erziehungsbeitragen 1111111111 Η11111 111 1111111 Jahrosgehaltes 111
11111111 1111111111

Dio} Η11ι1 111 11111111111111111111 1111111111 1111111 1111 1111111
111 1111111111111111. Der nniohungsboitmg 11111111, 11111111 11111
20 11111111111131111111111111 111111 1111111111 1111111 1111.

Art. 44. 111111111111111 1111111111 11111111 1111 11111111
1111111111 1111 beben ist, 1111 11111111 111111 1111111111 1111111
Versorgung 1111, 1ο 11111111 11111 Κ1111111111111111111111, welche
noch 1111111 20 111111 1111111111 111 111111 andere Vorsorgung 111111,
11111111111111111111, 11111111 11111111 11 1111111111 111, ob 111
11111111 1111 auf 1111 Abffertigung odorans 1111 1111111 11111111
1111111 111111. Im ersten 11111111111111111Κ1111ι 11111111 Ab·
111111111, im 1111111111 Fullo 1111111111111111Κ1111ι1111111111
1111111111 11, ’111111 111 nach 1111. 39. 11 111111111111 1111111111·
1111111 111 1111111.

1111 Verabreiehung 111111111111111131111111111 11111111 1111 mit
11111111, 11 walchem 11111 111111111111 Κ111111111111111111
1111111111 11111 111 20 1111111 111111111111.

Obige (1111111111 finden 11111 1111111111 auf Waisen 11111
11111111111111111 1111111111, 1111111111111111 111111111111 11111
1111111111 1111111111 war.

 

 

