Prot. 110110111010100.00111100010081000001000.70001110100000. 251

00010 10001001, 01 01000 10001111 11101011 delle 01100001 180011
111010110011010100100010 101 1010101011, 0 001011 01000 00000110
101100010101 1011* 101011000100100100, prese 10 0001010111 10110
01000010 10000.

111010101001101001100 001 0000011101 101 101010 8010 000 »e
perche. . . .10000,« 00110 10 1110101000 1011100101011001011000
0000000000. ’ ·

11101000110010010000 diesem 111101 0100 0100001101101011
101. ›leh‹ 00000 010, »110001011010010 0100101100 00110 11101100
01111101, 11 00 1001101οσ 1110110001ουοο 10 11101100, 11 00 01011
0100 10 1101100 libre 00 11101 111101 11 011011 10 10 0001100110 10
11101100, 011010000111000000110 1111010 (S. 32).

10011000080110010110101 001110 000 001 010010110101110-
011001οο 10 80100000 100 11100000 1101100 001 01000 10111000 111101-
01001 100 801100 101 Horren 81000001 001 11110110 0011100000111-
100, 001000 101101010101001000000 1010001011, 10 (100 11011001-
100000 100 (1100000 Rethos 100 211000011881 011 1001100111
110000 11111101 00100001 1000001οο 00000001011010001000 10110 00·
1010 »1001010000

10000οο 01001101010 001010, 01000 00010 10 101001000 010101-
101011 00000010 01110010 310 (0000001110 29).

1110 01010100 101110 0100, 0010110 00 0101101101 11110 110111 01·
00110100, 1101 diesen 1111101 0001101 01011011 00 10110100, 0100-
100000 010013011110 weiss 0001100 00 110000, ee 100110 0101100
0100101110011010100110001008100100 00101 110 1111010, 001 wir
010100 00 1010110010 100 1011001010000001

11100 010000 Ρο1100100011 101 110 1111010 01011, 001 0000 00
dehet 0011000110 101, 001101100110110111100 101 01111000 11111001
100 (10110011000100 001100111010 11111010 10001001 00 0011000, 00 101
00010 (10101101101110001101011 001 100 1100110100 1001011100,
100011000110 00011111 werden 0000, 001 0001110101] 0001111 001·
100 01110. 10 1101111000 0111 00 100 11100111010010111100001
Ρ11011 gemacht, 110111011101011 10101100 00 0010111000, »10011
110 10 [1011010100101110110 1011 0000111111οο0 (1000100 0011010000
101110000οο 101 11011101001011110000000111110011000 1101100101
101100 (100010 10 1101010110100000 011 101 1011000000, 001 1000
001110181001 1011111010 1110 1100110 01011 nur 001 (100 Ρο01010
01010000, 0001010 01101 1110 1101011111οη0 0101010100, 0101100
(100010 1111010011011 101 1001001011000000010100110101-1100110, welche
durch dieeelbe 00100111 sind, und 0101000 11111 000 diesem (110010
1100000100111000 1001100000 10110. Dee 1100010 0011111001 01000

 

