312 Scddr'cdtdrr9, Dde 3011110010 101111011130001130110013.

11101 0111 1111111Ιο der Ν1011011111103 dieser Pdieht dieder Schul-
10113101101100101, 11111143. 101 0111111101 8011130001100 011·
11110101 1010011101 1111001101 ¹).

= fi. 22. Aueh 11101 1011011113 100 1101111301 11101011011030-
1111101ήο1100 010111 101 101101 101 801110 101 80111011011801110111·
101 011 110001101 11010110110101801110111011131011 011311113 001-
1100011οο 20131100 110.

11101 117. 11000 0101 &detrude

ξ. 23. Der Lehrer 111 111103000111110011110101101111101101
11010111010010101101 111101111101100101, 101 jungen Horren
Frdrnmigkeit 111 Β11130111300101, 11010010111011111011011, 111101-
11110110101111011013101 101 (10001101 01111110101 111 110101
110 Ρ111011- 101 1111301111, 10010 110 1110110100111000101. 1110000
2101 1101101001, 1011 101 101101 1110 3000111101 011111101111110111
1111011113 1111301.

124. Aue diesem Grunde 111 1011101101 jedes Kind vem
degenerare, 1101100011011110 10111001130110101 101, 111 110111-
11011011 111 ordnung, 1111 1101010111 111 11110011111310111111-
101101 111 1103110010 Serge 1011111 111301, 1011111011 11111 111-
mer 301000101, 3011111111 101 10111101 301101101, 10 110 101110
1011110. - Wenn 010 [(111 11301100100, 113011111010111011011
unreinliehen 111 mid 11011 100011111101 1110110 11110 8011101011111,
111 101 101101 110 11110111 0101 101018101110111010110 0111111011,
demit 010 10011 Serge 111 110 110101011οί1 101 Κ11101111301; 01011
11011111111301011013100 1101101, 111101 101101 011 1011101110
101 11110001111101011 000111001301 1111011 0101 10101 81011101110101
dem 011000111101101011110301, 10101011130110000001111101 11 111-
101111311103010111,111 010 111 3110001ου Serge 111110 110111101-
101111101101 801111010111011 101101011οη Κ11101 1111111101.

fl. 25. Die Kinder 11101 11 101 1013000111010000 8111101 111
101 801110 11 0100101101; 101 101101 111 11101 10111101 11 werhen,
demit die Κ11101 101 dem jedesmeligen Beginne 100 1111011101100
10011101 11 11011010110113012011110111100 11101001101 1111101 80111-
310010 0111011101 werden. - Weun sich 1000011030101101 011130
Κ11101 1010111101, 111 101 10110111101111011010110101 81011101·
110101 1111110110111, 101111 010 1110 Κ111011011110101 11 110 3011110
00110101 111 1001 1101 10111111013 011101111110, 111 0101011111
1111110 11 1010110011011011 11 1101101, 101110 111010 1010111113
310101 101 1110001101 11101 sehale 11 101011011 111 30301110

Ψ

1) 10131. 1101010110 1010 2. Februa 1881, 0101 1 de.

 

