1111511, le 0515 515115515115515 477

1115515) mit 81511 155511511151551 551115 5155515515 1111515151, 115
111515511151, 5555511515 und 11551. 1551155115. 0515511555- 551
ο15115515555115111. 11111515 sind 151115515155551 1511515 151 751-
155511515115111511 (8481151. 11115555 1151515514. 115111847
und 15511 (15151. sua-1³„ 156 = 1151. 111. 347) 551151 Adop-
timbefngnin 151 adsum (8. 369), 151 1155151515 (8.124,
137-145, 188, 805, 788-746, 11511. 11. 878, 1111. 5551 8115551.
1881 p. 80, (151. 155 5. 0551. Paris 24. 155151 1888). 55115 155
(15511151155511515151 Ρί51111151151551 1115116155 (8. 50115·
hung 71-87, (151. 99, 808 5. 860) 5515111111 115151511 1111155 551515
5151155551 151155 1511111 1511511 ’1555 (1515555555151155, 155551-
1515 515 11551151 55551151511151 51 nicht, 8. 56, 67, 513 5. 180,
1511511 151 111155551511511 151 (1155155 8. 511 (1551510515.
d. 1511. 1884 p. 81) 551 151155155551151115151 1151511551555155-
511515 (1151 . (51. 1860 p. 1815), 151 751555155555 (8. 505, J. d.
(1555. 1. 1511. 11111 865 5. 1884 p. 5), 15115151551515115511515551
(8. 570, nun. 5551. 8115551. 1886 p. 877), 151 151 855515551511·
1515551555 11511 1515515115555155111515155515(8. 616 5. 630,
Ρ111511515 1511518811 ΠΙ 875, egl. 100 5. 51.) 1515 15 1551 ge·
55515155 551155115555. 115115 31111115151151555151516115 115
1115 155155551515 5555511151 151 111551115155 1155513 (8. 181-856,
650-751.-;515155111155151515 matrimonii synopsis 1),« 3· 511115), 115
1151511155( (8. 857-837, 15155 1-75 5. 88-04, = 7511. 155
11515. 855515 16. Mai 18841.. 115111 117.8.163),151 85155555-
11151 (8. 17-101), 115 1115111515 (151511 (8. 851, 378-411) mit
1115151511 5515551151 551 115151ςὶ155 111115 555151 111151, end·
1151 115 1135511551. 518-584 5. 538-588, 55511511). Wo 115
1111151111ζὶ111 1115111151 115, 151 1115511. 85511515111151 51-
151551515 1515551511, 115 15 051. 511. 540, 555110, 11111 1155
5551111151 5511151511 (8. 544, 554, 600 55151 11511515 551 Poeni·
155111115 88. 1551 1844 5. 5. 1.). 815 151 1151111511 155 51511511
1151 1551551155 111551151558515111551511115551 15151115151551-
55155, wir 11155155 15151 (1111515115185151151151115 85151,
8151515155, 8151551511 und 111515 1555555 51551511135111511515 85-
51151551 15 1551151151 8515515 511111511515151113555 5555151 15555155
115511151551555. 1115 8511151551 5155151151 111515 vogen »pruk-
»115151851551115, 11511511 51515155 1115151115, wie 1511515155
»Ρ51155551155151, 155 811111515155151 (1555115, 151 11511515-
1 1111111111. 111111.“11“1111)”111 11111111
Dr. J. (111. dod«, 115511115551511551, 1555555551515 »strasburga
, 011555551115 - 1551551551555111555155515-311118114011

’ 151 X. 11 Lo 8551158115151.) ·- 1118115517. 1111888- 051

1515115 151111. 11 5155115155511. Vol„ xvm 5. 1050 S. 1155151
5151511511 18111. 511 1515111511 155 [1515511515Ι 8551 111 155 (1515
, 511, 151115 5511111515115515515151515111151558.1039-1050, 115
, mamucha 1151111558. 115-113155. w. F. (151551.

1 lom 11))111153511511513115 115155, 16 8., 151 Roget 551 0115155111 11 Baris

 

