‘ 22 1666166666, 1111611. (166. 1116611881· 1166161611 ΡῙανν3666616166.

6611661666611663666166166666 61611 dem Ρ166666 661 16 (166166
166116166663 166666 3666161161666 81611666166166 66.

Der Vorsitzonde 6611661, 161161 661 661116661 116 1116663.

1166111666 1166 116 1611663166 (16661116 66116616611616
166 661611611161661161163166 6161 im 1661666366636161661.

· 161. 13. Β66611666111131611 1666161161116166 (161163166161

666166166, 6666 mehr 616 116 1111116166116666616611 166 1111316166
66666661161.

11666 auf 6166 666116 1116161663, mit 6616166116116366611616
der ’163666616663 166 1116361616666 66661611 6113611611 worden 6161,
6166 3661636661611 61611611111166666116666161, 66 6161 116 116-
6611666666 1666116661113. ,

16 allen 111166 6616666 16166161616616661661 1111316166 66·
6666616616.

161. 54. Dio 1666111666 werden durch 81666666161611 166
1666666166 3616661.

11666 0616666616166, 6666 66 1111311611661116616661111663666116
161, 3611161 116666168116666. 1116 8116616663 166 1161366 1111·
3116166 166 Κ16616661111663666116 6161 im Wogo 1161666616663
36663611.

1661661166616 61166661 6616161 61 66116116181166666316161-
1611116 6616616116616 stimmo.

1116 1161166663 36661161161611161, 666611 61611 116 61666166
11116 36161666 116116666316161166666 6161ς 161116116616116161666
gebeton.

116161 36161661161166663 61611, 66 161 166 1661166616 61611
3666666366, 1611116666316161161166166 661616116616 81166666 6166-
361666 16 diesem 11611 3111 616 1666116666 616 61611 66 816616 36-
16666666.

Boi Wahlen und 116116616661666366 31111616116166111666666·
3161611611 1616111666 16166661166166 1166111166 166166661163.

161. 55. Boi 161661166366116661666 (1636661661, 161 661-
6166616111131161 6666161161 1611611131161, 1661 16666116 nur 661
166 1666616666 11166661 166 (1611631666 6616666616636, 61666666
1611116663 166 86616661611161666166666611 161, 1616661616 6166 161
166 1161166663 666666616616.

166116666136 161666 166 ’1161166166 66 1161661661166366
66636661166666, 6616166 mit 1666 6666161161 161161113166 im ersten
61666661166116616 6661 116366116166 1666616663666166 66666611
6166 666661613661 161.

11666 so 61616 11113Ιί6166 166 Κ16616661111663666116 666366 per·

 

