66166 616. 66116.1611616661111666666661616,1616, 1666. . 67

111. 4. 11611611116661111611 66111611 6116 (1661616. 111161
6161 11111161 11611 3611111 166116111116 6161 (1661616 6616161 (161-
1111161161, 1616161 6111666161 Μ666616116111616611111616 (1611661661
6161Η6111116616616161 111111 1661161161, 1666 16161 161661161
116 1111666111 61166 66161619661611161 1611616 6661661166166 161-
1611111116, 66 16166161661616 161 11161 111161.

1116 1111361 11116161 116111 161 Β6111116661111611 111161 1161
1166161 1661 111611 166 (161611616111116161Ρ116611611616161661-
116161 (111. 2) 1111, 161616166116166116116 1616116116111611 116611,
11661616116 161 6116116161 1611611616 1111116616161661161.

11611111 611616116113161 Ρ66161 6161 11611 6111616161 16-
11111316 (1611116161 16161161, 661616116 111661611616 166161166-
66111161166 6111116161, 61 11111611116166Ρ116611611616166116666- ”
66111161161161 111116 616161611 16161 (1616116 616116611611661116.

1115. 1116 (16161116, 161 0116661111611616161116116Ρ61-
66161, 16161 166 Ρ116611611616166111161611, 16161 6111661616111161
11611166161 116 Ρ11661111161611111116 6611111 61161 11166116111611111-
36161 dem Β6111166611116116 61111661161, 11616161 6116 1166611161
11161161111611 1611666611111116 1611631.

111. 6. 111111 116 Ρ11661161161161 dem 1611666616116116 11611
16616161161, 661611131 16166116 166 11616111166166161616 111 11111
3161611611111161116111618, dass 161 116161161116 161 611611 11616-
311161 166 Β611111666111161166 161 111111 161 6666116161 16111 61·
lege 1111666 ihm 66116 (16111161 1161111 11666111 161161. 1161161-
61116116 166 01166611161166 6161 166661816111611161611111111111
1116861116 611. ,

116116161161161166661111611 116 66161616 11611 (111 11611
61166166161161661161, 616111 61 in 1166611 116116 116 16116161161
11161 dem 161111666111161166111611111 61616116111361 1111111111
1611111116, aus 1616161611611 Vorgeschlagenen 66116 1111611116
1611616611, 111 161661 161161111666111161131616116111861, 116111·
66111116161616611131616111616161116 61166 1111116161 (1611116161
aus 161 zahl 16116161161611111611611.

wird 1111 1161611611611616 6111616116166116 6161 6116116161
11611 3661116161 (16111161 1111 116661611616161161613666116161, 66 61-
1611(61616111611161166661111611 661161 61161 aus der zahl 161 1611
16111166611116116161366611696161 (16116161161.

111. 7. 11611 116 611 Ρ11661161161 361661111161111161161
16116161611616111161(111. 5) 1116 1161111311611111166161, 1611
161 161166661111611 fiber Antrag 166 161111666111161166 6161 6116

Ρ1166116116161161 161 (161111616161161161. 5*

 

