114
144141411141 04144441 14 1111411411.

1. Das erebiechn'fliehe ordinariae 4444 1714144414 4114444 emer dem
13. Januar 1887 144 1444414441. fiir 4114 8114144444 8141111114 nom
14111411 1887 Nn. 2fol9ende 1441441141

Im Η11411444 4114. 2. 14 immun. 444144. 11. 2311 11, 111
Cone. 1111. sess. XXII 1441. 14 observ. 44 4114. 11 441. 11144, 114-
14411144 444441144441 (1444444114411 »saeculares actiones, profana
colloquia, 1144111411 11 441441 4111, 41141411 1111111441 141444
vom 21. 11111844111. 4884, 444441144441111444111 11414411444411
Ρ14114414141 (1114141444 41 vomerem) 11 1411141141.

Wir 4444114441 4441 114 1141411414-111414-Ρ14114414114114141144-
114441 111414- (01411141) 1414114 11 141 11114441 11441 141 Be-
11141141144 414 mit dem (1414441141444 resp. 1114 (1444411 Ver·
411111444414444, 414 4114411444 141414144 4444 4,41441 111 11111411-
414444 4141 4114411444 (14411144 111 1111141114 gebracht 141141.
1141111441144114441 resp 114114144441 (1441144 11444 441111 Hoeh-
411144, 141 Vesper 4141 04114144 4114114114 werden, 44 4111 411 114414
114 Kerzen 1111111141, 411 Ρ114444111411441144411114111141411444
141 Beginn 1411141144141 undam 84411444 141441441 411 84444,
und 11111411 141 1414411 141 Min 444 141111141114444441411114-
4441 4414444411111141411 Volke eine 1114414111411114 kirehliehe
Erlanbniss 41444114 411111, 4411 1141111411141141414441411414411·
seben 844411 44444144441 1141141

1144 11444 Ρ141144141411 4444441141441141141 114141 resp. der
Κ114441444414-144444141-1414114 111141· 11 141 Κ114441 nur 11441
141 1141144141 8411114114 444 4411141, 1444 114 444141444 81144144 111
114 411144444414114 141 441 dem eote 444411414141“111 111 141 Κ114441
44114141141111444411111144 44414141 11111,114 11111144 Auf-
44411114 141 (14414 441 Β441111 144 (144 444114144 444444 4444,11141 Ρ14-
4141111411 141Κ11444 11444 41444444114, 1414441444 1444144411441
414114144111114411, 441114 11144411414111114114444411411 1441441114
114114 1144114441 werden.

2. Ena Erlnss 1144 Bieehofs Ernst Maria Melle 4444 11414441
4444411 1887.-

444411144411 141 1111141 14441. Ρ1444. 44414414441141887 Η414 4.
S. 169-199, 1411111144 111 Allgemeinen 1111111111141141, 11414441
(1114144441 114 1111444111141444441 111444, 1414141444 4144 1411414444
anch 1441 114 einzelnen 1144141,14141411 111 14144441 111 111-
11141114 441 41144114441 1414111444414411 4441414441 Compositienen

111 4144 4144 411 141141441144 14114111444144114441414141,114 4144
111 4114411444 11114114411114444141411. (141. 1144111411, 315 ,.470)

W-ss

8*

 

