50 1100010111, 111001110110000011101 101 mmmmm.

1010101 (110 1111111101 101 1000110111οο, 010 01001 1101101100
010 111 01100101, 01011 1011101, 1000 001101μο 110 00110100 (1111010
Prot Dr. 80101010 11000 81111110ος 0001 111010 10 0111100, 001 1110·
000 101 1001 (10111011 101 1111010, 1001010 1110001110 (in Dona 1011-
· 0011111111Κ.-11. 111. 19.18848.28811.)001 17011111110110111 m
111 51. 8117110100 110 Βο110010010011110100,11101101000100101100

001010 1100110101 8111110110 001 01011 0001110ῦο101101001101
10100100000101001 10111110, 110 0011010110 ’110001011101110100
· Dies gut 0001 1101101 100 1010 1000101111111101100110011- ;
1101100101 mogliehon 101100ος 01001 100011011100, 0110101101οο ;
Grundlofin 100 Η10001100, 101101 10111111110001010001100 10001- Ι

10111100 1010111000 0111100010 100100010010110001010011111001001- Ι

1110 01011 01001 1011000ος 100 1000100011000011111010000 01000010
110000111000001010 01000010013 00110100, 0110110 1111010101 01001
10101101010001110110100111100101100 100 010101001οη 1110010110-
11010111. 80311011. (100-8001) 01011 unmoglich 0111,

1001 die Ι1110010111010100 universam, 001 110 010-
100011011010-10Βο0110100010010001111001011001000 11111 0001 0111
1001 101101μο 100 11100 0001001111

(10000010 1101010111 Prot. Dr. 80101010 001110 10100010110010
80110100101101000 0011 101 011010 10100111 001100, 1000110 auf&-
0101110110εο 10 010101 110110 0100 0101100 10110000010 601011 111
1100010110101100100 11100101 0011111, 101001 010 10100 8001101001 00
100 1100011100 00110100 10000100. 01010100 10110100 1111100 01011
00101001001 101, 10 1101011 0101100 10011001 11110.

Das 001101 0010101000 11010000101100101 0001 18. Mai 1881
z.11648 101 001 in 1111100, salzburg 001810101010111100110100011,
110010 0100 uberhaupt 01011 010 0100 011100101οο 110101 1011000 -
¹ 1000 000 1001001100 10100110101011100011111101. 111. 80101011 ’11000
1010011010, 11100 110 101100 1111010110100111001100100100
1110001100 001 1100101 1101101101 1013011011

11100 111110 These 100 1101. Dr. 8010101111001001010101-

1010110010 1101101001011101 1101101101010 11011101, 01011 10100 Vot- 1
0110001001100 0001101000 101 1110100100 montet 11101011 100 101· 1

1011001011000110111100 11110100 108000001010010 100 11100101·

10001ςο00 1011001001, 0100 000111 0001 010 010 11011110000101000·

100010110011011111. · ’
110000110 111110 wohl 0001 10 100 1111100 1010110101100100

Κ1001001010101 8011 0010, weil 111110 10100100 110001 1000111011 ,
001 010 00110000110 (100011, 100 Ηο11001010010 118011010101 1801 ⁷

 

