318 8111111119, 11119111111111111111111119111119111111,

§- 47. Die 111111111 1111111111Β11111111111111111111
111111111111 111 811111 dem 1111111111 1111111111111111111.

Weun irgend welche Angelegenheit 111111 11111111 811111
1111111113 1111111 1111111, 11111 1111111111 111 0111111111111
11111 11 Κ111111111111111111.

fl. 48. 1111111111111111 1111111111 111111111111 111 111-
11111111, 1111111111 30 8111111 111 [1111111111 zu 1111111111, 11111
111 11111131 1111111111 1111111113 111 1111111111111111111111111111-
gen 8111111, 1111111 1111111111111111, 111 111 111111 11111111-
1111131-11111111111 1111111118111111111111 1111111111 1111.

Wenn 111 111111111111 [1111111111 11111111308111111111-
11111, 31111111 dem Lohrer 1111111111 1111111111 1111111111.

11111 VI. 111 111 Lehrerconferem.

ᾗ. 49. An mehrelassigen 8111111111111 8111111111111111111
eines jeden 1111111111111111111111 0111111111, 111111111111111111111
1111 111 11111 11 1111111, 111111 1111 11111111111111111 111111
11111111, oder 11111 1111 111111111311111131111111111. - 8111111
111111 111 [11111111111 11111111 11 11181111111111111111111111111-
1111111111 111111111111111 8111111111 11111111, 111 1111111111111111311
111 mit 11111111111811111111 11 111 111 1111181111 11111111111
111111111111111, und mit 11111111111111181111111111111111 1111111,
111 111111 111111111111111 um ihren 111111111111111111111

§- 50. Den Hauptzweck 1111111 8111111111 111111 111 Be·
sprechung 111 111 111 811111 11111311 1111111111, 111 [1111111111-
11111111, 111 1111111111 und des Standes 111 1111111111111 11 111111-
111 Classen und Abtheilungen‚ 111 [1111111111111 111 11111111 11111
1111113111111111 111 11111 1111111111, 1111111111 111111111111111
111 8111111111 1110111111, des Ausmassos 11111111118111111,
11111111 1111111113 11111111 vird, 1111111 111 3111111111 111
111111111, 111111 [11111111111111111111111 12. 11111111111111111
Befreiung von der 1111111111 11111111 Β111111111 1111111181·
111-1111111 111311111111111111.

Dutch 111 1111111111 111 1111111111 11111111111111111111
111 1111111111 11111 111 fiir jede 811111 1ο 11111111111111 111111111-
stimmung 111 111111 1111111. .

8111111 111 (1111111111111111111 111 1111111 111111111111 1111-

.ς111111111 11111111 1111111111111, 11 1111 1111111111111111111111111
Bezirkssehuh·athe zu 1111111111, 1111111111111111 mit 111111 11-

111111 dem 11111111111111111111111111 111.
g. 51. Den 11111111 11 111 1111111111 11111 111 111111 111

 

