Ν 352 888.188-888,8888888888888888888888 &pamm-m.

s . waltungsgeriohtshofes ist uun wohl 88 Frage 88 8888888888
² Ἴ 188 Ρ1888818888, 1188881188, 188818881888 u. 8 w. 88188118188, 881

1818881 Η88188188 von Seolsorgern‚ welche 118188 818 118888118188
1188818 1818188 88888188, 818 88888818881811388 nasein geschaffen

worden.

1118188888 aus 1888 8181881881( 1888 118. 22 8881118118-
11818889188 18118118 18811111. 8881.

11881 81888 historischen ffinleitung 188 [18118111838181888
181881 88 1818881888888888

Wenn 8881 118188 Ρ18888888881881188188 1818881813 88888-
3838388881881881811811811888118181181131811 188 1188881188 81881188
mogon, und 8888 8881 181 118888088881881188 8811811181181811188

, · 1188188888 818118811181181811888881181818811888888188188818118888

18 188 18888118818818188 8881811818888 88 88188118318818818818888·
88118 nach 188 8888188818-111838188 181888 1881181, 1888111188·
81188118181811181 - 8888 8181181811 8881 88818 88188818881881888
1181188888ςά8 Regiorungsanordnungen - 8811188 1881118113 818 881181
81181188 88818888181188 1181881811 worden 181

Dio 18 188 11188 8818388188 188881888188 18188118811118188
ordinariam in salzburg 881 188 18118888 Ρ188888 von Tamsweg 1188
188, 1888 188 1188881188 888 8881181 118 1188111818 188181181188 1188
881888 388181 8811811, 188 188881188888881818 818 118 881881118188
8881888381 8888881811 88818 8811188881811818, 1881888188 8881
8811 1888811888188 Ρ1888888 von Tamswog borochtigt 888, 18 dem
18888118888888881118 8188118188 1188118 (jura ordinis 81 jurisdictionis)
8888881188. 1188118888 188 1118881188 811818 (expositus 88111. 88881-
18888) 18888 181188 1188181881811 118888 Terminologion 1881888188
18 0881888181, wo 8881181188 8811818118ᾶί38 8881888888 881 ju·
81811811881118Ρ188τ88 11181 111888, 118 888881881 Η1118881881888 88-
18888888 (8188818881888 »11888818181188188181188 8188881888
188 1188818881, 1888 188 1188881188 von 888118118818881811888881881·
inventur 818 81 nutum amovibilis 18881818818181, gegen 118 88818-
88881181888188 1888 88 18881 118 18118118831888188811818818-
8181181188 881 188181181188 818 881 18181 3888181918 118818881188
8188 81888 1188 88188 Vergehungon 88111188888881881188188188 188

ι 18 88 88 188 1181818 8811811, 81811 181 (1881811181188. 1881 188

88818181 18888138181888 11881881, 1888188 188881181811 118 Spi-
8118811888811181881111, 181 1818888188, 18 11818888111888888811181888
118188 118811 881 118 1118818118118 18 18188811 1888881881 18
118888888181883118 1818811188 181 8881181 818 investitura 8818888118
(1881811118)1881118888181ς8 8118811838 8181118181, im Uobrigon

 

