62 · 8111111111,0111111111111171111111111111111111111.

11111-,1111111111 111911111111111111111 11. 1. 111 11111111-
11111111 1111111111111.

11111911111111111111111 11111111111911111111111111111
111111111 111111111111 111 1111111111111 1111 111111111111111111-
1111111111111 11111 111 111111 1111111111 1111111.

Um 1111111111 1111111111111 1111111111, 111111 11111 11-
111111111111111 1111111111, 111 11111111 111111111111111111111111
’ 111 11111111 1111111111 11 111111111111111111111111 111111-
1111111111111 1111111111 1111111111.

1111111111 11111 11111111 111 11111111111111111 111111 111·
11111111111 111111111111.

11111111111 11111111111111111 1111111,1ι111111 [1111111111-
rath 1111 11111111111111111 8111111111 1111111 1111111111111111111
111 01111111111111 1111111111.

111.39.(111111111111 mit 111 1111111 111 111111111111111111,
11111 1111 1111111111 8111111· 111111 111, 1111111· 111 11111111111111·
1111111111 0111111· 111 11111111111111 11111111111111 111111·
111111 1111 1119111111111111111 11 1111111111 (1111111111, 1111111111,
9111111111111 111 Personam 11111 111 1111111 1111, 1111 11111111·
1111 1111111111 1111111.

11111 ΙΠ.
Vom 8111111111. -

1111111111 9111111111111111 811111111111113111111111111
1111111111 11111111 111 11111 mit 1111 1111111111 1111111111-
1111111111.

1111· m diesem 11111 1111111111111111 11111111 1111111· 11111
1111111111 11111111111111111111111.

Η11111 sind zoitweilig 11111111111 1111111111

1111111, 1111111111118111111, 11111111111111111111, 11111111-
11111 1111 1111111191111111111 11111111, 111111111 11111 1111111111
1111111111 11111111 sind, 111 111111111111111111 11 11111111.

1111111 1111111, 11111 11111111 1111111111 1111 11111111 (11-
111111111111111111111 1111111111111, 1111111111 1111111, 1111111
11 Η1111 111111 einer Ρ111111111111 111111111111 werdon.

Im 111111111-11111 1111 111 111111111111119111111111111111·
111 111111111111, 1111 111 Κ111111-11111111111111111111 Vollm-
111111 111111111111 [1111111111 11 'rhen 111111.

1111111 11 111111 1111111111 111 11111111 11), 11 111 1111111111-
11111111111111 111111111111, 11 111 11111111 111111111 111. 111111
diesem 111111111111111111 1111111111 11111 1111 1111111111111

 

