61111. (111. 11112.11111873,11111Ν111111 vem 2. Febr. 1885. 55

Eine 111111 ’11111113 111111111 11111 (1111111111111 1111111
allen 8111111ήώ311, 11 denen 1111111161111111 1111111.

11111111 111 111 1111111111 11 1111 1111111111 81111111 111
11111111111111111111111111111, 11111 11 111111 11111111111111

811111111111111111 1111 1111111 11111111111111111111111111111 ’ ,

mesore ἐΗ11111111 0111111111 111111111111111111111111111 111-
11111 1.

Die verwendung 1111111111 1111111111 11111111111111111111 111
11111111, 11111 1111111111 11 eigenen 0111111 11111111 1111111111
melma 1111111, 1111111 11 111 1111111 1111 1111111111111 11111-

111. 9. Dem Bezirkseehulrathe 1111111111, 1111111111111111
· wegen Erriehtung 111118111111 11 111111, 111 111111111111111111
stenen, 1111111111 111111 111 311111111111111111111111111111111111-
111111111 geeignet sind. ·

111. 10. 11111111 111 1111111113 111111111111111111118111111

111111111111111111111111111 11111 1111 0111111111 11111 Zuziehung
111111111111111111111 111111111111111 Pelle 1111111111 Augeneeheines
1111111111111; 111 Commissionsprotocell 111111 111 (1111111111 11111111

111111111111311.

111 11. Die Β11111111111111111111111 1111113111, 1111111111-
1111111 111111 1111111111 genae 11 1111111111, 1111 1111111111 11111111
11 1111111311 1111111111111111 Befehigung der Lehrer riehtig 11
11111111, 111 Zehl der sehulpfliehtigen 111 eehelbesuehenden Kinder
11 11111111 111 111 (1111111111 11111 11111 1111111111 11 1111111111,
111 111 dieser Grundlege 111111111111111111, 111 111 1111111111
111 81111111111 1111111111111113, 111111 1111111111111111111111-
111111 11111 11111111 11111111111111, 111111 Velkesehele 11 1111111111
11111111111111011111111 11111111 1111111111 1111, 1111111 welche
(11111111111111111111111111111111111111111 11 111 111 11111· ·
einigen 111111, dese 1111 jede 0111111111 1111011111111111111111111
einer Sehule zugee'eiesee 11111.

111 12. 11181111111111111 werden darauf 11111111111, 1111
111 1111111111 (1111111111 mit Sehulee 11 111111111111, 1111111111
111111 111111 8111111 11111111. Dies 1111 1111111 1111 1111111111 111111
11111113111111111 1111111εεί111 11111111111111 1111111111.

111. 13. Die Aufleseung 11111111111111111 allgemeinenvelke·
111111 1111111 mit Zeetimmung 111 1111111111111111 11111111.

 

