119111111111111111 111 Incorporatiom 51

Pol. (111-811. 25. N. 128¹ (1111 0111111111 vom 28. August 1804)
1111111111111. ’

1111 11111111 Hinweisung 111 1117111111111111 111 1111111111
71111111111111113 11 111 1111111111111111111111111111111111
1111111111 11111111111111111μ11111 111 β. 82111111 7111111111 1111
111111111111, 1111 111 11111111111111111 11111111 11111. 111111111-
1111 111 111 1111111111 11111111117111111111111111111111111
1111111 1111111111 1111111,111 11 11111 111 11111111 gesna-dm
111111 7111111111 zum 1111111111 111 111111111111111111111 111.
111111 stoue 111111111 111 1111 3111111111 1111 111 11111111 These
11111 311111. 17111 1111111 11 111 1111111111111111111 11111111-
1111111 18811 111111 111111111111111111111111111 1111 111 111111 111111 ’
1111111111 11111111 1111111111 111 1111111 1111111111Ἰ 111111 1111111
1111111111 711111 1111 1111111 11111111, 1111 111 2111111111 111
111111111111111111111111111111111111311 111 1111111 111 11111111-

1111111 1111 111(111111111111111111111111111 (11111111. 181111 ⁴

1870 1111111111. 111. 76 5. 6).

111111 1111111 1111111 3111111 1111 1111111111111 β. 2. 111
1111111111 111111111111113111 Beitmgoe 111 111 111 1111111111
111 Δ111111111111 111111111111 711111111111111 11111111, 1ο
111111 11111 1111111111 nicht nmgtngon 1111111.. 1111111111
1111 1111 1111 111 1111111111 (1111111111 1111111111111111111
11111, 1111 11111 111 11111111 1111111111111118111111111111111-
111111111111111 111 111 11111111111111111111111. ⁴

11111111 11111 11111111181111 11111111111111 1111111111111
111111111 8111111 111 (1111111111, 111 1111171111, Kirehonr.
21111. 1881 S. 167, 1111 zusammenstounug 1111111, 11 · 11111111
1111111 111 1111111111 111111111 111, 1111 111 71111111111311 nusgu-
1111111 1111111111 moster 1111111111 1111111111 1111111111 111111
111111111118111111 11111111 1111111111 sind, 11111 1111111111 1111
111111111111111111111111311 auch 111 mit 1111111111 11111 11111-
pontion vereinigte 111111111111111111111111111111111111.

1111111111. 11181111111111111111111 ’11111 111 1111 11111·
11111111 11111 11131111, 111 11 11111 111 1111111111 sein, 11111111.
8111111111 1111111 11111111111111111 1111111111 11111 morio 11-
11111111 11111.Ι · ·

 

