192 111119, 3111111 Studium 1111 81111111111111111111111

disciplina und 1111 81111111111111111111. 11111111111111 11111111111111
111 1111111111111 111111 11 111 Vorlesungen 11111111111111, 1111111
im Aligemeinen ianget 1111111111 11111, 1111 1111111111 Κ111111111111;
11111 111 Biturgia 11116111111111111111113 111 Κ111111111111 gezogen
111111 111 1111111111 1111111111 vom 111111111118111111111111-
11111111, 11 1111111111 11111111111111111 11111111 hatte, 1111 11111
1111111111111111111 11111111 werden 1111111 1111. m. 1111111
,1111111 1111 11111 111 11111111111111111 deshaib 1111111111, weil
da 1111111111 1111 1111111111 111 111111111111111111111,1111 rothen
11111 1116111111111. dgl. die 11111 111, 11 111111 1111 31111111
1111. Β. 111 ganze 111111111111111111 1111111111, weil 111111111
111111011111111111111111 111 3111111111 111 111 1111111111 111
1111111111111111 [1111111111. 11111 Dr. B. 1111111 daran 1111111,
11111 11 111 1111111111111111111111111 111 111 lintwiekelung der
Ρ111111111111 1111111111 werde, begreiio ich 11111. 01111111 11
911101111111111 111 1111111111111111111111 Ρ11111111111 111111
11 einigen 111οηί111111 1111 grassare 1111 111 Angehirigon 111
1111111 111 111 111111111111 111111111111111111111 1111, 1111111111
1111, dass genorell 1111 1111111111111111 111 1111111111111111111111-
11111 resp. 8111111111111111111 [warum 11111 auch 1111 111111111
1111111111 01111191111111] mii vorgetragen 111111, und 1111111 111
1111111111111111111110111111111111 111 111111111111 1111111 11-
111111, 1111 1111 911111111111111111 111 dem 11111111 111 Ρ1-
1111111111, 11111111111 111 111111111111101111 der Kirchenge-
1111111111111111111111111111111. [1111 11111111 1111, dass in
dogmatisohen 111111111101111111111-1113111 111 31111111111111111-
111111 Ρ11111111 111 1111111111 111 0111111111 111 1111111111-11111·
11111111 11111111 111, 11 dass also 111 Darsteilung des griechisch-
11111111111111 1111111111111 1111 1111 111 1111111111, 1111111111
111 ’111111111111111111 11 1111111 11111.

111111 1111111111 11 111 1111111111111111111111111111111111111
(111111111111 u. (111. mehr gaboten 11111, 111 1111111113 111, 11
1111111 das 11111, weil 11 111111111 1111111 1111, 111 (11111111
111111, 1111111111 1111111111 1111111111 u. 111. 1111 1111111
wichtig 111111 ,11111111 und 111111111111111111111 1111111 111
1111111311 1111111111111 1111111 1111111111 1111 11111111 111, 1111
11111111 darum 111 ganzo 8111111111 1111111111 1111111 111-
1111111 11111111.

111 1111111 1111 auch hier 111 111 111 11111111 1111111111 111

11111111 1111111111 [1111111113 111 1111111111111111111- 111811111-
1111111111111 an.

 

