234 Prot. 116111611916113. 6611116611( 8661166969. 1663111111611963.

, 11161111661663361131 61111166, »16616 1616616116 361163 1116663661
661111 mii 66 666316 pour 6116613 66116 (6616111116 13311611(
6616116336616 361166, 66 111666 313 31613611611161 6111661161·
166, ‘der 116161111116166616 1636116 1113ι 116316116666116616166 »Non
611611361116166666611616 1663116166 163 663 61 666116 163 ‘maa
66661163 1636111163. Nous 66 66611663 pas 6616161116 666113 166
6111163 6611161661 66116163 mains du gouvernemeni 61 du 616131, 61
1661113 36 3661 servi 3663 3616661636 11131616611636 16116366,-
fiir 661616 6161 die 116663166166 wohl 11166 16116136 6616116166, 613
16116611611361 zurici. 1133166166 31611 eben 3613 663616661613616611
1113161166 11163 163 11161111116133 von 1111616 661 81661 66136666, und-
16116 Eriahrungen, 6616161666 661 1616 1131631666· Wege gemacht
16116, 16166 6116116166 waren, so 366116 man 6616616366-11631
zum 1161666 36166366, 661 ’31611 116 1111616 16 61166 1666116166 und
66161616166 3616166366 6616361116166 661 dem »brachium 366·
661616( 6616166631666, 6161116 1666 166163111161611111613616-
durch wieder 1616161166 zu 1166661633 man 163 1111616 1131116
Bowegungen 16116 11611311 1661616116. 161616 man 11636116 61611
1161111 3161 163636366116, 3661616 6661 611633636611116, 6166116
6136 61666 1613661, 163366 1163611616 6166661166 3161, 16161 616
361311166111111611 6636366166 1161166 kann. Dorsolbo 1611361116
Berechtignng um 36 mehr, 616 61 166 1111636166 163161161161666
16331661661163 6613631611 661 613 16316 6613663166616161111611666
[6616661116 von 1316616 131166161161161 war. Die 113663166161 13166
’ 16161 16161663 1616 116611, 1116 6611633666 616111 661 als 6166163-
363 1316611316, 6661616 613116 611616 11611166161663161166.113 6116·
1163616 36 6616336616, 613116 1613163616 66361616 Ν66111611661
1166166116ηά 16611161 gonug 16661366, 166316 116363 1363616181316
16111613666131666166116166131. ’ -

2.
(16166 11136661 116366 Vorbemeriungon 661 den 6616161166

, 1611611161 3666166316 361131 iiber.

1161 63316 166611611666611 1661611 · 3161· 661 116 1111611663
61663 66666 1113116163, 61663 66666 11116636361616 161611113363116·
3616 6116161 661. [1161163111616668 (163 Art. 1. »166611666116-1161·
6631 sono posti 66116 11116161311611666 (1166 0111661166166316( 1616
616 66666 11311616 3636161166. 1616166161 116166116616611631616
1. September 1881 661 1631166166 163316 von 166 111311161616 06166
661 11611661 1636611366 6616111616 1161611161661 apostolique 66161-
316111 worden. 1166116116 6161 61611 116331 16311661 6611666111,

 

