444 nemer. 311 3111111111 1111 3111111111 11 1111111.

1411111 1111 1111111111 [11111 31111111 wit noch 11111 311111
von 3111111111 111111111111111111111111111 11111111111111111131111111

1111111 1111 (111111 3113111111111111 11111 111111 1204, 1111111
1111111 3111 111 1111111111111111111111 3111111 3111111111, sind 31111
0111711111 11111ιοὶ11111 3111611111 Capitol 111 1111 11111111 1225,
1239,1242,1254,-1262, 1277, 1279, 1301,1111111304, 1321 111 -
13301 baim Κ11111111 111 1111 31111111 1266, 1279,1313,1343,
13321 31111 1111111111 11111 1111111 13251 heim 1111111111 11111 1111
,11111111 1248, 12631 heim 11111011 111 11111111111243,1254,

1310,13371 heim Groowardeim 1111 (111 ,11111111 1236, 12321 ἢ

,11111 1111111111 1111 1111111111 1313, 1329,13421 baim 311311·
3111111 111 1111 ,11111111 1217, 1222, 1309, 13421 111111 [1113113111
111 dem 311111 12201 heim [1111111111 vom ,111111 1334 und 11111111-

’ 11111 baim 01111111 vom 311111 12371).

3111111111 1111 111 1111111111 3111111111 1111111111-1111 0111111111,

1111 dor 1111111111 1111111 211111111111111 (111111111111, (11111111

1111111111 171111 vom 311111 1352 1111 13111111013111111111111111-

111111111 3111111111111111111111 11111111 11111111 111111 1111111 1111111.

1111111111 7711111111 1332 (111111111111, durch 11111111 3111111111 bo· ÷

11111 11111111. 31111 1111111 1111 auch 11111 im 311111 1417 1111111
7111111111 Capitol einen 7711111111 11, bei 1111111111 (111 1111 171111
1111111111 Capitol 11111111 111111, 11111 1111111111 1011111111 01-
11111 11111111 1111111111111, doch 1111 wahl 1111111111111-111
3111111111 111· 15111111 111101111111111 - 1111111111.

311 11111111 11111111 111 normale - 1111 11011111 11111 11111- ,

1111111111 311111111111 - bis 1111111111 1325, (1.1. der 1111111111
wahl, 111111111111111111111111111111 14.111111111111111 11 bis 1111
111111 3111111111 011 13. 311111111111 111 11111111111111 111, abor
111 11111111 311111 ohne 11111 11011111 3111111111.

1111 1111111111 11111111, 0111 die thl 1111111 11111111 31111111,
11 1111111 1111 11111131111111111111111111111111, 1111111111111111-
1111 111 0131111111 war.

’311111131111 1225 1111111111 Honorius 111. 1111 101111 111
3111111 (11111111 und 1111111111111101111 11311111111, 1111 0111111-
111111111111 1111111111 1111111111 1111111111 zum 1111111111 8111111111

1111111111, 1111111 11 mit 111111111111111111(11131311111111 11111111, ³

111111111111 »Alioquin noveritis, quod 1111 mora in talibus 111
1111111111,111111111111 providemus 11111111 111 nos 1111111

1) 11111111, 1111111111 papum. 111 11111111 3111111830. 364. 0111111, A

11111111 101111111111 10116111 61. 2311111, nommant· 11111. 1. 54. 33. 148. .

133 172136. 187. 206. 223. 2211243. 241291. 322. 383. 350. 388.
2) 7311111,1111111111111 111.

 

